42,471,553,644,790,838
325,397,510,629,656,716,772
56,521
321,350,459,524,543,578,592,599,622
7,46,432,543,819,981
39,547,553,794
29,38,152,336,412,429,766
306,388,870,894,962
80,108,304,964,994
107,163,437,629,815
405,420,443,561,566,813
188,214,418
48,137,837,858
51,86,374,571,684,970
63,146,325,395,444,628
60,371,387,840
38,764,868
60,360,557,592
8,50,117,877,954
519,624
221,432,870,959
99,102,139,194,266,462
7,35,127,172,221,607
106,351
432,599
124,740,988,989,990
155,374,806,848
167,497,733
39,169,214,287,593,778
106,123,182,601,729,847,911
107,135,167,589,673,820
25,179,934
374,414,571
116,123,773
3,105,806
201,682,803,916
404,668
36,416,719
47,148,238,278,368,446,544,584
47,471,855,970
772,961
328,447,456,692,737,934,994
21,83,255,803,981
371,477,773
7,245,644,733,946
744
813,874,991
119,571,909
11,137,418
15,283,472,776,884
274,682,835
166,473,707
182,281,442,506,682,820,845
441,456,487,756,801,832
144,280,335,574,582
543,834
17,625,874
221,416,575,595
38,310,348,439,583,629,789
500,613,624,859
40,42,95,240,532,561,647,827
127,344,537,540
38,416,559,656,858,931
52,182,425
173,288,620
9,51,67,69,241,348
132,300,874,988
403,438
36,277,562
185,429,601
18,219,255,501,575,709,721,806
9,100,103,242,439,829,877
38,295,319,325
50
127,241,952
220,456,786,826
613,830,884,990
179,519,607,925
274,592,709,807,895
118,241,259,662,946,962
61,117,173,439,520,604,737
378,500,592,991
14,194,259,414,766
93,472,955
147,155,647,815,835
146,246,306,732
188,274,353,397
205,284,593
344,519
123,297,646,868,988
300,369,722,735,776
335,531,561,599,629,994
69,188,447,692,722,825,893,934
124,255,530,558,719,837,855,931,981
204,432,740
209,234,320,321,463,711
36,453,523,631,676
325,778,790
829,832,921
14,395,666,828,867,985
348,705,724
328,517,648,799,920
179,246,322,339
559
176,179,360,399,425,682,777
238,357,358,874,896
60,85,371,387,456
371,444,494,666
318,325,904,931,952
69,829
154,226,416,494,772,884,961
360,545,653
124,291,306,628,734,938
47,476,544,673,807
178,514,623,643
527,837,859,961
21,62,67,87,229,371,592,767,815,827
124,221,332,484,612,707,855
17,119,208,764,782
300,337,429,579
68,151,383,624,682,993
559,852,874
137,307,492,524,572,634,707,924,934,949
8,368,416,438,682,778,970
628
74,235
146,316,486,507,570,710
28,209,578,806,987
402
247,623,744,959
20,27,813,868,912,981
78,157,737
111,481,778
56,729,951
18,81,118,289,433,482,490,553,806
491,674,925
648,799
117,423,988
36,48,94,471,670
238,282,368,673
119,830
369,398,707,888,932
7,51,364,486,733,745,753,782,863
124,154,415,416,690,858
33,116,238,339,347,796
909,970
117,132,205,490,827,868,988
222,350
214,414,766,808,827,959,992
281,467,553,808
123,388,459,811
48,62,73,154,221,613,778,996
125,150,214,791,803
87,124,293,316,392
227,569,732,883,910
132,336,557,673,959
838
80,258,316,486
110,395,782,825
443,604
6,147,399
142,410,601,609,709,973
43,73,132,191,223,246
339
136,190,228,258,364,941
217,259,806,850
316,540,871,892
491,925,934,964,996
277,360,477,524,753,952
412,432,820,858,938
558,837,925,962,999
111,117,199
17,372,953
203,328,430,444,578,909,988
209,382,813
15,38,319,676,734,981
127,733,784,790,912
214,395,404,460,949
163,217,222,321,325,676,678,740,825
43,70,173,192,544,704,744,946,983
160,281,606,790,946,959
387,445,631,909
190,494
62,443,673,863
387,425,976
338,631,703
119,132,521,647,772
409,501,662,707,815,820
170,201,300,316,326,357,837,954
116,368,528,538,727
124,342,437,521,554,592,601,607,614,642,707,993
26,547
34,87,416,586,599,620
29,127,219,322,391,442,444,527
238,400,903,915
283,707,828,966
221,891,912
248,261,395
33,398
493,767,874,963
197,770,991
123,527,592,873
80,181,201,209,330,397,946,996
147,306,439,442
21,63,173,501,575,578,809
53,93,338,459
60,124,240,280,416,910
124,904
144,293,510,860
120,353,459,611,613
39,169,214,287,593,745,764,778,902
198,314,409,589
49,69,649,682,709,744,858,879,890,902,915,988
119,830
372,790,813
33,559,585
246,306,480,500,992
36,461,693,807,881,950
38,132,258,375,806
322,542,800,907
112,440,540,668
36,214,524,644,686,740
150,289,828,886
61,220,221,377,565,673,687,747
835,868
14,36,233,302,321,360,377,399,444,634,821,924,999
127,402,988
198,319,710,911
43,291,416,500,699,973
48,213,246
441,709,799,973
60,124,240,416
420,743,800
209,297,687,876,929
456,652
372,487,955
66,123,300,753,767,808
63,100,170,178,247,527,589,649,946
109,112,118,586,709
73,381,707,901
318,619,643,662
51,859,941
11,250,291,336,373,821,901,960,973
8,38,589,599,610,674,747,850,994
132,216,379,518,540,554
612,829
132,442,614,988
480,757,889
361,437,527,903
63,126,146,511,829
119,354,428,480,764,782
247,827
360,404,990
274,378,511,561,861,962
153,168,592,898
416,620,874
132,243,446,501
117,214,552,673,813,877,996
3,39,86,806
23,155,299,371,471,480,806
235
60,405,621,770,780,959
148,330,738,988,993
221,412,497,502,578,627,709,764
11,52,197,924
17,193,399,616
595,964
485,723
148,446,487,545,733,786,993
217,300,720,808,917
142,221,387,388,412,598,803,946
89,231,405,690
124,676,992
117,340,471,545,684
14,51,209,222,838,868
7,284,553,983
168,231,737,756
67,69,140,629
157,182
59,68,619,656,697
71,238,403,607,638,747
45,423,463,666,868,914
84,274,331
325,833,865
33,570,658,852,909
83,646,820
43,176,634,669,707,863
51,412,446,490,670,902
155,238,282,501,541
201,222,293
18,688,867,907
437,442,981
222,761,815,874
119,246,335,495,545,926
167,477,733,902
259,372,595,643
543,544,809,837,891,955
45,145,437,518,631,838
69,201,266,495,737,874
326,403,662,673,756,852,867
172,978
15,182
198,969
11,170,430,740,909
68,209,233,344,436,455,486,495,607,992
155,169,463,530,903
39,339,735
78,640,764,778
27,314
29,146,193,930
281,575,874,995
48,138,524
71,87,159,217,430,559,915
100,221,319,385,500,532,645
23,28,47,311,656,831,832,839,871
168,238,282,368,380,673,988
36,137,603,820
175,182,281
200,227,328,388
580,963
11,101,416,753
108,241,584
247,414,566,722,894,914
612,729,738
63,87,531
233,293,472,539
511,723,942,946
178,416,534
124,571
444,522,764,807
43,63,209,491,571,676
53,973
47,66,109,399,859
604,656,729,849,988
81,529,709,908
430,487,682,729,820,839
38,692
140,159,179,198,283,289,521,571,652
131,337,442,707,830,993
42,684,850
55,255,291,490,659,818,921
87,883,889
132,168,222,517,761,988
260,709
140,657
240,487,778,791
228,247,571,868,871
430,480,571
205,629,827,839,934
17,60,193,424
87,221,248
124,184,425,992
707,751,855
442,710
153,463,734,870
204,339,418,800
86,705,795
43,493,849
17,158,459,684,973
137,444,628,740
150,436,854
620,709,747,834
87,291,628,688,803
85,167,282,477,800,970
23,155,299
191,318,776
447,692,934,994
124,524,601,733
167,266,430,595,662
432,592,747,817,832,927
226,425,797
235,439,442,559,965
74,499,613,687,908,962
28,38,387,549,723,744
234,413,874,909
146,335
0,29,52,335,798
95,207,495,697,800
61,192,222,273,428,722,807
20,540,571,607,674,776,974
179,221,571,686,767,876
25,666,813
193,813,953
356,699,721,912
47,48
432,542,553,561,832
26,56,108,277,293,314,346,729,849,904
335,543
47,191,217,334,930
291,414,709,797
124,291,306,480,628,734,910,938
188,442,493
132,146,414
138,259,335,612,624,750,780,883
36,420,712
234,320,321,463
116,139,147,220,586,682,778,855,885,938
306,613,644,665
81,188,321,356,662,855,901
353,471,631,950
119,179,317,707
477,656,734
195,538,914
145,351,963
151,353,570,852,859,861
493,722,732
57,78,124,209,238,521,604,825
521,594
11,250,291,373,821,901,960
209,463,668
15,182,614,988
132,173,360,486
142,238,277,799,831
285,322,467,559,601,772,836
40,129,259,521,789,893,920,961
59,357,673
959
43,219,318,582,767
575,628,710,733
258,575,612,905
40,41,154,233,631
234,316,517,808,811,826
360,536
138,213,578,828
410
9,399,593,628,658,874
137,374,801,861
360,570
540,628
63,89,397,586,722,859,871
674,931
39,55,402,800,838,987
63,97,111,118,335,360,425
33,299,357,414,553,810,930,994
47,335
123,447,559,579,743,821,879
140,416,750,907,917
124,571
93,144,682,764
132,546,595
62,552,570,674,808,914
178,493,599
20,51,107,213,398,416,432,795,807,870
149
291,575,826,896,941
48,71,198,222,416,437,480
95,318,384,477,587,727,733,740,815
17,679,729
212,218,375,764
233,648,678,812,974
14,219,416,441,471,540
287,290,344,425,553
246,322,405,738
55,69,100,237,371,625,732
43,188,216,387,634
69,300,753,800
119,176,534,931,946,988
7,36,150,214,543,981
159,166,417,672,831,860,863,930
319,553
15,511,723,942,946
378,404,456,974
5,8,125,137,230,545,887,963
185,293,389,471,998
127,155,207,403,518
87,377,604
53,409
120,353,459,611,613
656,874,914
218,432,443,756,764
146,249,335,429,592,707,820,992
6,40,222,385,399
400,783
222,459,675
11,266,364,673,904
69,72,437,578
338,879
39,558,656
212,453,467,495,538,631,652
577,589,715,861,962,965
69,436,532,737,782
111,222,259,442,595,752,786,815,925
283,356,374,405,764
332,409,413,902
127,289,625,758,916
281,467,553,808
148,178,201,293,472,901
81,485,966
820
432,628,808,849,909
477
5,132,298,663,851
49,649,879,890,902,915,988
285,368,769,827
409,707,811
246,305,395,723,727,837
422,542,842
764
16,155,456,820
329,336,530,883,892,955,992
11,21,101,416,753
135,377,482,497,592,682,739
29,545,571,614,628,700
399,404,527,625
47,148,238,278,446,544,584
11,168,571
127,166,191,274,516,814
520,656
38,310,348,439,583,629,789
344,553
154,247,306,326
493,592
23,48,330,580
150,371,962,988,989
558,961,993
456,614,666,852
56,293,729
477,604,709,808,909,930,998
86,423,806
57,201,832
221,261,322,339,553,732,994
764,993
128,291,300,430,902
198,439,682
173,592,697,719
662,996
127,444,759,832,946
62,764,904,963,995
14,330,891
498
78,127,233,255,425,437,778,815
367,430,442,699,820,827,858,930
45,145,437,518,631,838
405,514,740
377,416,878,992
14,377,546,924
17,36,133,970
553,733,886
963,972
72,160,879
472,868
154,903
11,52,924,961,993
12,291,318,402,561,743,800
39,545,926
99,102,139,194,266,462
50,147,209,238,289,336,377,477,553,799,912
86,368
182,281,318,399,437,729,925
39,51,398,416,432,795
185,233,336,595,976
277,399,444,553
85,612
14,51,209,868
60,375
221,259,402,485,704,879
456,509,527
87,123,127,260,988
371,679,859,994
444,863,961
437,521,541,780,833
221,414,481,942,991
374,526,545,571
106,119,281,387,471,531,876,881,962
150,289,303,399,453,640,732,903,927
187,642,657
50,104,319,781,828,830,956
33,132,233,474,733
52,221,960,962
107,380,415,629
71,348,374,705,724,809,998
209,297,687,876,929
108,259,584,665,868
490,553,559,662,664
93,293,699
17,176,238,280,737,855,874
130,592,840
43,688,813
7,707,990
398,671,682
376,472,542,800
127,240,966
238,320,324,509,524,902
80,181,201,209,330,397,946,996
69,217,481,657
280,490,721
116,145,647,772,785,873,899,903
403,437,764
47,414,961
221
338,346,371,539
233,416,718,800
150,465,624,840
107,575,603,674,707,837,852,955
139,299,429,446
277,291,331,720,991
25,140,541,614
442,713,903
300,409,772,834,871,973
578,625
26,121,601,621
183,231,306,338,368,399,459,613
403,516,677,721,854,894
61,62,146,333,336,338,893
521,572,592,679,783,806,835,941
39,219,327,466,527,531,732,814
221,350,377,583
490
169,409,507,623,629,954
59,660
13,132,212,461,827,890
589
159,350,828,878
71,87,159,217,430,559,915
229,289,514,820,908
74,300,482,501,709,737
274,592,709,807,895
76,81,377,837,874,902,921
169,266,487
3,21,329,903
464,539,656,731,764
344
261,439,902
69,374,668,707,837
38,39,67,767,970
246,316,631,707,812
127,344,347,586,914
109,628,868
146,168,188,197,274,353,397,404,420,589,805
281,994
283,339,377,990,998
3,260,577,619
117,133,378,620,628,764,802
160,656,666
52,221,799,960,962
283,412,425,451,811,827,917
94,387,521,773,949,996
190,238,346,405,497,650
80,472,732,833,885
7,118,240,874
26,148,511,549,903
23,484,709,874,908,934
69,444,447,664,722,832
325,374,603,631,737,849
166,281,289,303,809
72,209,247,279,358,599,897
168,209,669,806,871
166,263,481,592,679,710,798,941
238,629,658,773,781,807,860
5,299,307,472,722,959
538,709,781
248,578,592
212,218,238,375,400,764,903,915
592,741,961
601,925
174,832,879,901
707,814,877
29,274,302,480,664,709
414,417,509,737,798,853,870,994
36,371,459,670,863
283,500,799
3,246,248,477,624,631,673,773,794
138,147,238,336,337,629,799
155,242
27,91,127,150,424,584,770
33,34,69,656
117,538,945
135,805,871
93,195,209,432,553,901
316,837
342,373,437,707
472,808,832
87,507,837,961
334,415,553,634,682,988
366
465,540,612,629,773,827
195,209,432,901
7,55,368,437,756,837
189,471,666,790,875
69,992
89,167,193,589,820,912
542,603,891
208,338,412,419,511
40,413,471,545,547,954,961
22,62,567,574,673
666,961
35,205,291,368,886
145,416
87,395,443,444,587,807,873
83,221,595,612,707,727
101,625,809
387,451,704,806
107,241,447,472,488,952
124,881
502
169,463,530
334,752,756,902,993
132,400,667,988
48,520,558,752,959
124,644,738,891
9,314,521,874
306,319,486,790,877
255,293,682,894